11  # n
15 # m
NODES
1 2 3 4 5 6 7 8 9 10 11 
12 13 14 15 16 17 18 19 20 21 22 
23 24 25 26 27 28 29 30 31 32 33 
34 35 36 37 38 39 40 41 42 43 44 
45 46 47 48 49 50 51 52 53 54 55 
56 57 58 59 60 61 62 63 64 65 66 
67 68 69 70 71 72 73 74 75 76 77 
78 79 80 81 82 83 84 85 86 87 88 
89 90 91 92 93 94 95 96 97 98 99 
100 101 102 103 104 105 106 107 108 109 110 
111 112 113 114 115 116 117 118 119 120 121 
122 123 124 125 126 127 128 129 130 131 132 
133 134 135 136 137 138 139 140 141 142 143 
144 145 146 147 148 149 150 151 152 153 154 
155 156 157 158 159 160 161 162 163 164 165 

multN  11 22 33 44 55 66 77 88 99 110 121 132 143 154 
N  165

B  9 45 66 160
exit  72

ent1  9
ent2  45
ent3  66
ent4  160

LINKS:  length 
1 2 1
2 1 1
1 12 1
12 1 1
1 13 1.41421
13 1 1.41421
2 3 1
3 2 1
2 13 1
13 2 1
2 14 1.41421
14 2 1.41421
2 12  1.41421
12 2  1.41421
3 4 1
4 3 1
3 14 1
14 3 1
3 15 1.41421
15 3 1.41421
3 13  1.41421
13 3  1.41421
4 5 1
5 4 1
4 15 1
15 4 1
4 16 1.41421
16 4 1.41421
4 14  1.41421
14 4  1.41421
5 6 1
6 5 1
5 16 1
16 5 1
5 17 1.41421
17 5 1.41421
5 15  1.41421
15 5  1.41421
6 7 1
7 6 1
6 17 1
17 6 1
6 18 1.41421
18 6 1.41421
6 16  1.41421
16 6  1.41421
7 8 1
8 7 1
7 18 1
18 7 1
7 19 1.41421
19 7 1.41421
7 17  1.41421
17 7  1.41421
9 8 1
8 19 1
19 8 1
8 20 1.41421
20 8 1.41421
8 18  1.41421
18 8  1.41421
9 10 1
9 20 1
9 21 1.41421
9 19  1.41421
10 11 1
11 10 1
10 21 1
21 10 1
10 22 1.41421
22 10 1.41421
10 20  1.41421
20 10  1.41421
11 22 1
22 11 1
11 21 1.41421
21 11  1.41421
12 13 1
13 12 1
12 23 1
23 12 1
12 24 1.41421
24 12 1.41421
13 14 1
14 13 1
13 24 1
24 13 1
13 25 1.41421
25 13 1.41421
13 23  1.41421
23 13  1.41421
14 15 1
15 14 1
14 25 1
25 14 1
14 26 1.41421
26 14 1.41421
14 24  1.41421
24 14  1.41421
15 16 1
16 15 1
15 26 1
26 15 1
15 27 1.41421
27 15 1.41421
15 25  1.41421
25 15  1.41421
16 17 1
17 16 1
16 27 1
27 16 1
16 28 1.41421
28 16 1.41421
16 26  1.41421
26 16  1.41421
17 18 1
18 17 1
17 28 1
28 17 1
17 29 1.41421
29 17 1.41421
17 27  1.41421
27 17  1.41421
18 19 1
19 18 1
18 29 1
29 18 1
18 30 1.41421
30 18 1.41421
18 28  1.41421
28 18  1.41421
19 20 1
20 19 1
19 30 1
30 19 1
19 31 1.41421
31 19 1.41421
19 29  1.41421
29 19  1.41421
20 21 1
21 20 1
20 31 1
31 20 1
20 32 1.41421
32 20 1.41421
20 30  1.41421
30 20  1.41421
21 22 1
22 21 1
21 32 1
32 21 1
21 33 1.41421
33 21 1.41421
21 31  1.41421
31 21  1.41421
22 33 1
33 22 1
22 32 1.41421
32 22  1.41421
23 24 1
24 23 1
23 34 1
34 23 1
23 35 1.41421
35 23 1.41421
24 25 1
25 24 1
24 35 1
35 24 1
24 36 1.41421
36 24 1.41421
24 34  1.41421
34 24  1.41421
25 26 1
26 25 1
25 36 1
36 25 1
25 37 1.41421
37 25 1.41421
25 35  1.41421
35 25  1.41421
26 27 1
27 26 1
26 37 1
37 26 1
26 38 1.41421
38 26 1.41421
26 36  1.41421
36 26  1.41421
27 28 1
28 27 1
27 38 1
38 27 1
27 39 1.41421
39 27 1.41421
27 37  1.41421
37 27  1.41421
28 29 1
29 28 1
28 39 1
39 28 1
28 40 1.41421
40 28 1.41421
28 38  1.41421
38 28  1.41421
29 30 1
30 29 1
29 40 1
40 29 1
29 41 1.41421
41 29 1.41421
29 39  1.41421
39 29  1.41421
30 31 1
31 30 1
30 41 1
41 30 1
30 42 1.41421
42 30 1.41421
30 40  1.41421
40 30  1.41421
31 32 1
32 31 1
31 42 1
42 31 1
31 43 1.41421
43 31 1.41421
31 41  1.41421
41 31  1.41421
32 33 1
33 32 1
32 43 1
43 32 1
32 44 1.41421
44 32 1.41421
32 42  1.41421
42 32  1.41421
33 44 1
44 33 1
33 43 1.41421
43 33  1.41421
34 35 1
35 34 1
45 34 1
34 46 1.41421
46 34 1.41421
35 36 1
36 35 1
35 46 1
46 35 1
35 47 1.41421
47 35 1.41421
45 35  1.41421
36 37 1
37 36 1
36 47 1
47 36 1
36 48 1.41421
48 36 1.41421
36 46  1.41421
46 36  1.41421
37 38 1
38 37 1
37 48 1
48 37 1
37 49 1.41421
49 37 1.41421
37 47  1.41421
47 37  1.41421
38 39 1
39 38 1
38 49 1
49 38 1
38 50 1.41421
50 38 1.41421
38 48  1.41421
48 38  1.41421
39 40 1
40 39 1
39 50 1
50 39 1
39 51 1.41421
51 39 1.41421
39 49  1.41421
49 39  1.41421
40 41 1
41 40 1
40 51 1
51 40 1
40 52 1.41421
52 40 1.41421
40 50  1.41421
50 40  1.41421
41 42 1
42 41 1
41 52 1
52 41 1
41 53 1.41421
53 41 1.41421
41 51  1.41421
51 41  1.41421
42 43 1
43 42 1
42 53 1
53 42 1
42 54 1.41421
54 42 1.41421
42 52  1.41421
52 42  1.41421
43 44 1
44 43 1
43 54 1
54 43 1
43 55 1.41421
55 43 1.41421
43 53  1.41421
53 43  1.41421
44 55 1
55 44 1
44 54 1.41421
54 44  1.41421
45 46 1
45 56 1
45 57 1.41421
46 47 1
47 46 1
46 57 1
57 46 1
46 58 1.41421
58 46 1.41421
46 56  1.41421
56 46  1.41421
47 48 1
48 47 1
47 58 1
58 47 1
47 59 1.41421
59 47 1.41421
47 57  1.41421
57 47  1.41421
48 49 1
49 48 1
48 59 1
59 48 1
48 60 1.41421
60 48 1.41421
48 58  1.41421
58 48  1.41421
49 50 1
50 49 1
49 60 1
60 49 1
49 61 1.41421
61 49 1.41421
49 59  1.41421
59 49  1.41421
50 51 1
51 50 1
50 61 1
61 50 1
50 62 1.41421
62 50 1.41421
50 60  1.41421
60 50  1.41421
51 52 1
52 51 1
51 62 1
62 51 1
51 63 1.41421
63 51 1.41421
51 61  1.41421
61 51  1.41421
52 53 1
53 52 1
52 63 1
63 52 1
52 64 1.41421
64 52 1.41421
52 62  1.41421
62 52  1.41421
53 54 1
54 53 1
53 64 1
64 53 1
53 65 1.41421
65 53 1.41421
53 63  1.41421
63 53  1.41421
54 55 1
55 54 1
54 65 1
65 54 1
66 54 1.41421
54 64  1.41421
64 54  1.41421
66 55 1
55 65 1.41421
65 55  1.41421
56 57 1
57 56 1
56 67 1
67 56 1
56 68 1.41421
68 56 1.41421
57 58 1
58 57 1
57 68 1
68 57 1
57 69 1.41421
69 57 1.41421
57 67  1.41421
67 57  1.41421
58 59 1
59 58 1
58 69 1
69 58 1
58 70 1.41421
70 58 1.41421
58 68  1.41421
68 58  1.41421
59 60 1
60 59 1
59 70 1
70 59 1
59 71 1.41421
71 59 1.41421
59 69  1.41421
69 59  1.41421
60 61 1
61 60 1
60 71 1
71 60 1
60 70  1.41421
70 60  1.41421
61 62 1
62 61 1
61 73 1.41421
73 61 1.41421
61 71  1.41421
71 61  1.41421
62 63 1
63 62 1
62 73 1
73 62 1
62 74 1.41421
74 62 1.41421
63 64 1
64 63 1
63 74 1
74 63 1
63 75 1.41421
75 63 1.41421
63 73  1.41421
73 63  1.41421
64 65 1
65 64 1
64 75 1
75 64 1
64 76 1.41421
76 64 1.41421
64 74  1.41421
74 64  1.41421
66 65 1
65 76 1
76 65 1
65 77 1.41421
77 65 1.41421
65 75  1.41421
75 65  1.41421
66 77 1
66 76 1.41421
67 68 1
68 67 1
67 78 1
78 67 1
67 79 1.41421
79 67 1.41421
68 69 1
69 68 1
68 79 1
79 68 1
68 80 1.41421
80 68 1.41421
68 78  1.41421
78 68  1.41421
69 70 1
70 69 1
69 80 1
80 69 1
69 81 1.41421
81 69 1.41421
69 79  1.41421
79 69  1.41421
70 71 1
71 70 1
70 81 1
81 70 1
70 82 1.41421
82 70 1.41421
70 80  1.41421
80 70  1.41421
71 82 1
82 71 1
71 83 1.41421
83 71 1.41421
71 81  1.41421
81 71  1.41421
83 72 1
73 74 1
74 73 1
73 84 1
84 73 1
73 85 1.41421
85 73 1.41421
73 83  1.41421
83 73  1.41421
74 75 1
75 74 1
74 85 1
85 74 1
74 86 1.41421
86 74 1.41421
74 84  1.41421
84 74  1.41421
75 76 1
76 75 1
75 86 1
86 75 1
75 87 1.41421
87 75 1.41421
75 85  1.41421
85 75  1.41421
76 77 1
77 76 1
76 87 1
87 76 1
76 88 1.41421
88 76 1.41421
76 86  1.41421
86 76  1.41421
77 88 1
88 77 1
77 87 1.41421
87 77  1.41421
78 79 1
79 78 1
78 89 1
89 78 1
78 90 1.41421
90 78 1.41421
79 80 1
80 79 1
79 90 1
90 79 1
79 91 1.41421
91 79 1.41421
79 89  1.41421
89 79  1.41421
80 81 1
81 80 1
80 91 1
91 80 1
80 92 1.41421
92 80 1.41421
80 90  1.41421
90 80  1.41421
81 82 1
82 81 1
81 92 1
92 81 1
81 93 1.41421
93 81 1.41421
81 91  1.41421
91 81  1.41421
82 83 1
83 82 1
82 93 1
93 82 1
82 94 1.41421
94 82 1.41421
82 92  1.41421
92 82  1.41421
83 84 1
84 83 1
83 94 1
94 83 1
83 95 1.41421
95 83 1.41421
83 93  1.41421
93 83  1.41421
84 85 1
85 84 1
84 95 1
95 84 1
84 96 1.41421
96 84 1.41421
84 94  1.41421
94 84  1.41421
85 86 1
86 85 1
85 96 1
96 85 1
85 97 1.41421
97 85 1.41421
85 95  1.41421
95 85  1.41421
86 87 1
87 86 1
86 97 1
97 86 1
86 98 1.41421
98 86 1.41421
86 96  1.41421
96 86  1.41421
87 88 1
88 87 1
87 98 1
98 87 1
87 99 1.41421
99 87 1.41421
87 97  1.41421
97 87  1.41421
88 99 1
99 88 1
88 98 1.41421
98 88  1.41421
89 90 1
90 89 1
89 100 1
100 89 1
89 101 1.41421
101 89 1.41421
90 91 1
91 90 1
90 101 1
101 90 1
90 102 1.41421
102 90 1.41421
90 100  1.41421
100 90  1.41421
91 92 1
92 91 1
91 102 1
102 91 1
91 103 1.41421
103 91 1.41421
91 101  1.41421
101 91  1.41421
92 93 1
93 92 1
92 103 1
103 92 1
92 104 1.41421
104 92 1.41421
92 102  1.41421
102 92  1.41421
93 94 1
94 93 1
93 104 1
104 93 1
93 105 1.41421
105 93 1.41421
93 103  1.41421
103 93  1.41421
94 95 1
95 94 1
94 105 1
105 94 1
94 106 1.41421
106 94 1.41421
94 104  1.41421
104 94  1.41421
95 96 1
96 95 1
95 106 1
106 95 1
95 107 1.41421
107 95 1.41421
95 105  1.41421
105 95  1.41421
96 97 1
97 96 1
96 107 1
107 96 1
96 108 1.41421
108 96 1.41421
96 106  1.41421
106 96  1.41421
97 98 1
98 97 1
97 108 1
108 97 1
97 109 1.41421
109 97 1.41421
97 107  1.41421
107 97  1.41421
98 99 1
99 98 1
98 109 1
109 98 1
98 110 1.41421
110 98 1.41421
98 108  1.41421
108 98  1.41421
99 110 1
110 99 1
99 109 1.41421
109 99  1.41421
100 101 1
101 100 1
100 111 1
111 100 1
100 112 1.41421
112 100 1.41421
101 102 1
102 101 1
101 112 1
112 101 1
101 113 1.41421
113 101 1.41421
101 111  1.41421
111 101  1.41421
102 103 1
103 102 1
102 113 1
113 102 1
102 114 1.41421
114 102 1.41421
102 112  1.41421
112 102  1.41421
103 104 1
104 103 1
103 114 1
114 103 1
103 115 1.41421
115 103 1.41421
103 113  1.41421
113 103  1.41421
104 105 1
105 104 1
104 115 1
115 104 1
104 116 1.41421
116 104 1.41421
104 114  1.41421
114 104  1.41421
105 106 1
106 105 1
105 116 1
116 105 1
105 117 1.41421
117 105 1.41421
105 115  1.41421
115 105  1.41421
106 107 1
107 106 1
106 117 1
117 106 1
106 118 1.41421
118 106 1.41421
106 116  1.41421
116 106  1.41421
107 108 1
108 107 1
107 118 1
118 107 1
107 119 1.41421
119 107 1.41421
107 117  1.41421
117 107  1.41421
108 109 1
109 108 1
108 119 1
119 108 1
108 120 1.41421
120 108 1.41421
108 118  1.41421
118 108  1.41421
109 110 1
110 109 1
109 120 1
120 109 1
109 121 1.41421
121 109 1.41421
109 119  1.41421
119 109  1.41421
110 121 1
121 110 1
110 120 1.41421
120 110  1.41421
111 112 1
112 111 1
111 122 1
122 111 1
111 123 1.41421
123 111 1.41421
112 113 1
113 112 1
112 123 1
123 112 1
112 124 1.41421
124 112 1.41421
112 122  1.41421
122 112  1.41421
113 114 1
114 113 1
113 124 1
124 113 1
113 125 1.41421
125 113 1.41421
113 123  1.41421
123 113  1.41421
114 115 1
115 114 1
114 125 1
125 114 1
114 126 1.41421
126 114 1.41421
114 124  1.41421
124 114  1.41421
115 116 1
116 115 1
115 126 1
126 115 1
115 127 1.41421
127 115 1.41421
115 125  1.41421
125 115  1.41421
116 117 1
117 116 1
116 127 1
127 116 1
116 128 1.41421
128 116 1.41421
116 126  1.41421
126 116  1.41421
117 118 1
118 117 1
117 128 1
128 117 1
117 129 1.41421
129 117 1.41421
117 127  1.41421
127 117  1.41421
118 119 1
119 118 1
118 129 1
129 118 1
118 130 1.41421
130 118 1.41421
118 128  1.41421
128 118  1.41421
119 120 1
120 119 1
119 130 1
130 119 1
119 131 1.41421
131 119 1.41421
119 129  1.41421
129 119  1.41421
120 121 1
121 120 1
120 131 1
131 120 1
120 132 1.41421
132 120 1.41421
120 130  1.41421
130 120  1.41421
121 132 1
132 121 1
121 131 1.41421
131 121  1.41421
122 123 1
123 122 1
122 133 1
133 122 1
122 134 1.41421
134 122 1.41421
123 124 1
124 123 1
123 134 1
134 123 1
123 135 1.41421
135 123 1.41421
123 133  1.41421
133 123  1.41421
124 125 1
125 124 1
124 135 1
135 124 1
124 136 1.41421
136 124 1.41421
124 134  1.41421
134 124  1.41421
125 126 1
126 125 1
125 136 1
136 125 1
125 137 1.41421
137 125 1.41421
125 135  1.41421
135 125  1.41421
126 127 1
127 126 1
126 137 1
137 126 1
126 138 1.41421
138 126 1.41421
126 136  1.41421
136 126  1.41421
127 128 1
128 127 1
127 138 1
138 127 1
127 139 1.41421
139 127 1.41421
127 137  1.41421
137 127  1.41421
128 129 1
129 128 1
128 139 1
139 128 1
128 140 1.41421
140 128 1.41421
128 138  1.41421
138 128  1.41421
129 130 1
130 129 1
129 140 1
140 129 1
129 141 1.41421
141 129 1.41421
129 139  1.41421
139 129  1.41421
130 131 1
131 130 1
130 141 1
141 130 1
130 142 1.41421
142 130 1.41421
130 140  1.41421
140 130  1.41421
131 132 1
132 131 1
131 142 1
142 131 1
131 143 1.41421
143 131 1.41421
131 141  1.41421
141 131  1.41421
132 143 1
143 132 1
132 142 1.41421
142 132  1.41421
133 134 1
134 133 1
133 144 1
144 133 1
133 145 1.41421
145 133 1.41421
134 135 1
135 134 1
134 145 1
145 134 1
134 146 1.41421
146 134 1.41421
134 144  1.41421
144 134  1.41421
135 136 1
136 135 1
135 146 1
146 135 1
135 147 1.41421
147 135 1.41421
135 145  1.41421
145 135  1.41421
136 137 1
137 136 1
136 147 1
147 136 1
136 148 1.41421
148 136 1.41421
136 146  1.41421
146 136  1.41421
137 138 1
138 137 1
137 148 1
148 137 1
137 149 1.41421
149 137 1.41421
137 147  1.41421
147 137  1.41421
138 139 1
139 138 1
138 149 1
149 138 1
138 150 1.41421
150 138 1.41421
138 148  1.41421
148 138  1.41421
139 140 1
140 139 1
139 150 1
150 139 1
139 151 1.41421
151 139 1.41421
139 149  1.41421
149 139  1.41421
140 141 1
141 140 1
140 151 1
151 140 1
140 152 1.41421
152 140 1.41421
140 150  1.41421
150 140  1.41421
141 142 1
142 141 1
141 152 1
152 141 1
141 153 1.41421
153 141 1.41421
141 151  1.41421
151 141  1.41421
142 143 1
143 142 1
142 153 1
153 142 1
142 154 1.41421
154 142 1.41421
142 152  1.41421
152 142  1.41421
143 154 1
154 143 1
143 153 1.41421
153 143  1.41421
144 145 1
145 144 1
144 155 1
155 144 1
144 156 1.41421
156 144 1.41421
145 146 1
146 145 1
145 156 1
156 145 1
145 157 1.41421
157 145 1.41421
145 155  1.41421
155 145  1.41421
146 147 1
147 146 1
146 157 1
157 146 1
146 158 1.41421
158 146 1.41421
146 156  1.41421
156 146  1.41421
147 148 1
148 147 1
147 158 1
158 147 1
147 159 1.41421
159 147 1.41421
147 157  1.41421
157 147  1.41421
148 149 1
149 148 1
148 159 1
159 148 1
160 148 1.41421
148 158  1.41421
158 148  1.41421
149 150 1
150 149 1
160 149 1
149 161 1.41421
161 149 1.41421
149 159  1.41421
159 149  1.41421
150 151 1
151 150 1
150 161 1
161 150 1
150 162 1.41421
162 150 1.41421
160 150  1.41421
151 152 1
152 151 1
151 162 1
162 151 1
151 163 1.41421
163 151 1.41421
151 161  1.41421
161 151  1.41421
152 153 1
153 152 1
152 163 1
163 152 1
152 164 1.41421
164 152 1.41421
152 162  1.41421
162 152  1.41421
153 154 1
154 153 1
153 164 1
164 153 1
153 165 1.41421
165 153 1.41421
153 163  1.41421
163 153  1.41421
154 165 1
165 154 1
154 164 1.41421
164 154  1.41421
155 156 1
156 155 1
156 157 1
157 156 1
157 158 1
158 157 1
158 159 1
159 158 1
160 159 1
160 161 1
161 162 1
162 161 1
162 163 1
163 162 1
163 164 1
164 163 1
164 165 1
165 164 1

BAD{LINKS}
1 2 1 12 13 
1 12 1 2 13 
1 13 1 2 3 12 23 
2 1 2 12 13 
2 3 2 13 14 
2 12 1 2 13 24 
2 13 1 2 3 12 14 
2 14 2 3 4 13 24 
3 2 3 13 14 
3 4 3 14 15 
3 13 1 2 3 14 25 
3 14 2 3 4 13 15 
3 15 3 4 5 14 25 
4 3 4 14 15 
4 5 4 15 16 
4 14 2 3 4 15 26 
4 15 3 4 5 14 16 
4 16 4 5 6 15 26 
5 4 5 15 16 
5 6 5 16 17 
5 15 3 4 5 16 27 
5 16 4 5 6 15 17 
5 17 5 6 7 16 27 
6 5 6 16 17 
6 7 6 17 18 
6 16 4 5 6 17 28 
6 17 5 6 7 16 18 
6 18 6 7 8 17 28 
7 6 7 17 18 
7 8 7 18 19 
7 17 5 6 7 18 29 
7 18 6 7 8 17 19 
7 19 7 8 18 29 
8 7 8 18 19 
8 18 6 7 8 19 30 
8 19 7 8 18 20 
8 20 8 10 19 30 
9 8 19 20 
9 10 20 21 
9 19 7 8 20 31 
9 20 8 10 19 21 
9 21 10 11 20 31 
10 11 10 21 22 
10 20 8 10 21 32 
10 21 10 11 20 22 
10 22 10 11 21 32 
11 10 11 21 22 
11 21 10 11 22 33 
11 22 10 11 21 
12 1 2 12 13 
12 2 1 12 13 14 
12 13 1 2 12 23 24 
12 23 12 13 24 
12 24 12 13 14 23 34 
13 1 2 12 13 
13 2 1 3 12 13 14 
13 3 2 13 14 15 
13 12 1 2 13 23 24 
13 14 2 3 13 24 25 
13 23 12 13 24 35 
13 24 12 13 14 23 25 
13 25 13 14 15 24 35 
14 2 3 12 13 14 
14 3 2 4 13 14 15 
14 4 3 14 15 16 
14 13 2 3 14 24 25 
14 15 3 4 14 25 26 
14 24 12 13 14 25 36 
14 25 13 14 15 24 26 
14 26 14 15 16 25 36 
15 3 4 13 14 15 
15 4 3 5 14 15 16 
15 5 4 15 16 17 
15 14 3 4 15 25 26 
15 16 4 5 15 26 27 
15 25 13 14 15 26 37 
15 26 14 15 16 25 27 
15 27 15 16 17 26 37 
16 4 5 14 15 16 
16 5 4 6 15 16 17 
16 6 5 16 17 18 
16 15 4 5 16 26 27 
16 17 5 6 16 27 28 
16 26 14 15 16 27 38 
16 27 15 16 17 26 28 
16 28 16 17 18 27 38 
17 5 6 15 16 17 
17 6 5 7 16 17 18 
17 7 6 17 18 19 
17 16 5 6 17 27 28 
17 18 6 7 17 28 29 
17 27 15 16 17 28 39 
17 28 16 17 18 27 29 
17 29 17 18 19 28 39 
18 6 7 16 17 18 
18 7 6 8 17 18 19 
18 8 7 18 19 20 
18 17 6 7 18 28 29 
18 19 7 8 18 29 30 
18 28 16 17 18 29 40 
18 29 17 18 19 28 30 
18 30 18 19 20 29 40 
19 7 8 17 18 19 
19 8 7 18 19 20 
19 18 7 8 19 29 30 
19 20 8 19 30 31 
19 29 17 18 19 30 41 
19 30 18 19 20 29 31 
19 31 19 20 21 30 41 
20 8 18 19 20 
20 10 20 21 22 
20 19 8 20 30 31 
20 21 10 20 31 32 
20 30 18 19 20 31 42 
20 31 19 20 21 30 32 
20 32 20 21 22 31 42 
21 10 11 20 21 22 
21 11 10 21 22 
21 20 10 21 31 32 
21 22 10 11 21 32 33 
21 31 19 20 21 32 43 
21 32 20 21 22 31 33 
21 33 21 22 32 43 
22 10 11 20 21 22 
22 11 10 21 22 
22 21 10 11 22 32 33 
22 32 20 21 22 33 44 
22 33 21 22 32 
23 12 13 23 24 
23 13 1 12 23 24 25 
23 24 12 13 23 34 35 
23 34 23 24 35 
23 35 23 24 25 34 
24 12 2 13 23 24 
24 13 12 14 23 24 25 
24 14 2 13 24 25 26 
24 23 12 13 24 34 35 
24 25 13 14 24 35 36 
24 34 23 24 35 46 
24 35 23 24 25 34 36 
24 36 24 25 26 35 46 
25 13 3 14 23 24 25 
25 14 13 15 24 25 26 
25 15 3 14 25 26 27 
25 24 13 14 25 35 36 
25 26 14 15 25 36 37 
25 35 23 24 25 36 47 
25 36 24 25 26 35 37 
25 37 25 26 27 36 47 
26 14 4 15 24 25 26 
26 15 14 16 25 26 27 
26 16 4 15 26 27 28 
26 25 14 15 26 36 37 
26 27 15 16 26 37 38 
26 36 24 25 26 37 48 
26 37 25 26 27 36 38 
26 38 26 27 28 37 48 
27 15 5 16 25 26 27 
27 16 15 17 26 27 28 
27 17 5 16 27 28 29 
27 26 15 16 27 37 38 
27 28 16 17 27 38 39 
27 37 25 26 27 38 49 
27 38 26 27 28 37 39 
27 39 27 28 29 38 49 
28 16 6 17 26 27 28 
28 17 16 18 27 28 29 
28 18 6 17 28 29 30 
28 27 16 17 28 38 39 
28 29 17 18 28 39 40 
28 38 26 27 28 39 50 
28 39 27 28 29 38 40 
28 40 28 29 30 39 50 
29 17 7 18 27 28 29 
29 18 17 19 28 29 30 
29 19 7 18 29 30 31 
29 28 17 18 29 39 40 
29 30 18 19 29 40 41 
29 39 27 28 29 40 51 
29 40 28 29 30 39 41 
29 41 29 30 31 40 51 
30 18 8 19 28 29 30 
30 19 18 20 29 30 31 
30 20 8 19 30 31 32 
30 29 18 19 30 40 41 
30 31 19 20 30 41 42 
30 40 28 29 30 41 52 
30 41 29 30 31 40 42 
30 42 30 31 32 41 52 
31 19 20 29 30 31 
31 20 19 21 30 31 32 
31 21 20 31 32 33 
31 30 19 20 31 41 42 
31 32 20 21 31 42 43 
31 41 29 30 31 42 53 
31 42 30 31 32 41 43 
31 43 31 32 33 42 53 
32 20 10 21 30 31 32 
32 21 20 22 31 32 33 
32 22 10 21 32 33 
32 31 20 21 32 42 43 
32 33 21 22 32 43 44 
32 42 30 31 32 43 54 
32 43 31 32 33 42 44 
32 44 32 33 43 54 
33 21 11 22 31 32 33 
33 22 21 32 33 
33 32 21 22 33 43 44 
33 43 31 32 33 44 55 
33 44 32 33 43 
34 23 24 34 35 
34 24 12 23 34 35 36 
34 35 23 24 34 46 
34 46 34 35 36 56 
35 23 13 24 34 35 
35 24 23 25 34 35 36 
35 25 13 24 35 36 37 
35 34 23 24 35 46 
35 36 24 25 35 46 47 
35 46 34 35 36 47 
35 47 35 36 37 46 57 
36 24 14 25 34 35 36 
36 25 24 26 35 36 37 
36 26 14 25 36 37 38 
36 35 24 25 36 46 47 
36 37 25 26 36 47 48 
36 46 34 35 36 47 58 
36 47 35 36 37 46 48 
36 48 36 37 38 47 58 
37 25 15 26 35 36 37 
37 26 25 27 36 37 38 
37 27 15 26 37 38 39 
37 36 25 26 37 47 48 
37 38 26 27 37 48 49 
37 47 35 36 37 48 59 
37 48 36 37 38 47 49 
37 49 37 38 39 48 59 
38 26 16 27 36 37 38 
38 27 26 28 37 38 39 
38 28 16 27 38 39 40 
38 37 26 27 38 48 49 
38 39 27 28 38 49 50 
38 48 36 37 38 49 60 
38 49 37 38 39 48 50 
38 50 38 39 40 49 60 
39 27 17 28 37 38 39 
39 28 27 29 38 39 40 
39 29 17 28 39 40 41 
39 38 27 28 39 49 50 
39 40 28 29 39 50 51 
39 49 37 38 39 50 61 
39 50 38 39 40 49 51 
39 51 39 40 41 50 61 
40 28 18 29 38 39 40 
40 29 28 30 39 40 41 
40 30 18 29 40 41 42 
40 39 28 29 40 50 51 
40 41 29 30 40 51 52 
40 50 38 39 40 51 62 
40 51 39 40 41 50 52 
40 52 40 41 42 51 62 
41 29 19 30 39 40 41 
41 30 29 31 40 41 42 
41 31 19 30 41 42 43 
41 40 29 30 41 51 52 
41 42 30 31 41 52 53 
41 51 39 40 41 52 63 
41 52 40 41 42 51 53 
41 53 41 42 43 52 63 
42 30 20 31 40 41 42 
42 31 30 32 41 42 43 
42 32 20 31 42 43 44 
42 41 30 31 42 52 53 
42 43 31 32 42 53 54 
42 52 40 41 42 53 64 
42 53 41 42 43 52 54 
42 54 42 43 44 53 64 
43 31 21 32 41 42 43 
43 32 31 33 42 43 44 
43 33 21 32 43 44 
43 42 31 32 43 53 54 
43 44 32 33 43 54 55 
43 53 41 42 43 54 65 
43 54 42 43 44 53 55 
43 55 43 44 54 65 
44 32 22 33 42 43 44 
44 33 32 43 44 
44 43 32 33 44 54 55 
44 54 42 43 44 55 
44 55 43 44 54 
45 34 35 46 
45 35 23 34 46 47 
45 46 34 35 56 57 
45 56 46 57 
45 57 46 47 56 67 
46 34 24 35 46 
46 35 34 36 46 47 
46 36 24 35 46 47 48 
46 47 35 36 46 57 58 
46 56 46 57 68 
46 57 46 47 56 58 
46 58 46 47 48 57 68 
47 35 25 36 46 47 
47 36 35 37 46 47 48 
47 37 25 36 47 48 49 
47 46 35 36 47 57 58 
47 48 36 37 47 58 59 
47 57 46 47 58 69 
47 58 46 47 48 57 59 
47 59 47 48 49 58 69 
48 36 26 37 46 47 48 
48 37 36 38 47 48 49 
48 38 26 37 48 49 50 
48 47 36 37 48 58 59 
48 49 37 38 48 59 60 
48 58 46 47 48 59 70 
48 59 47 48 49 58 60 
48 60 48 49 50 59 70 
49 37 27 38 47 48 49 
49 38 37 39 48 49 50 
49 39 27 38 49 50 51 
49 48 37 38 49 59 60 
49 50 38 39 49 60 61 
49 59 47 48 49 60 71 
49 60 48 49 50 59 61 
49 61 49 50 51 60 71 
50 38 28 39 48 49 50 
50 39 38 40 49 50 51 
50 40 28 39 50 51 52 
50 49 38 39 50 60 61 
50 51 39 40 50 61 62 
50 60 48 49 50 61 
50 61 49 50 51 60 62 
50 62 50 51 52 61 
51 39 29 40 49 50 51 
51 40 39 41 50 51 52 
51 41 29 40 51 52 53 
51 50 39 40 51 61 62 
51 52 40 41 51 62 63 
51 61 49 50 51 62 73 
51 62 50 51 52 61 63 
51 63 51 52 53 62 73 
52 40 30 41 50 51 52 
52 41 40 42 51 52 53 
52 42 30 41 52 53 54 
52 51 40 41 52 62 63 
52 53 41 42 52 63 64 
52 62 50 51 52 63 74 
52 63 51 52 53 62 64 
52 64 52 53 54 63 74 
53 41 31 42 51 52 53 
53 42 41 43 52 53 54 
53 43 31 42 53 54 55 
53 52 41 42 53 63 64 
53 54 42 43 53 64 65 
53 63 51 52 53 64 75 
53 64 52 53 54 63 65 
53 65 53 54 55 64 75 
54 42 32 43 52 53 54 
54 43 42 44 53 54 55 
54 44 32 43 54 55 
54 53 42 43 54 64 65 
54 55 43 44 54 65 
54 64 52 53 54 65 76 
54 65 53 54 55 64 
55 43 33 44 53 54 55 
55 44 43 54 55 
55 54 43 44 55 65 
55 65 53 54 55 77 
56 46 34 56 57 58 
56 57 46 56 67 68 
56 67 56 57 68 
56 68 56 57 58 67 78 
57 46 47 56 57 58 
57 47 35 46 57 58 59 
57 56 46 57 67 68 
57 58 46 47 57 68 69 
57 67 56 57 68 79 
57 68 56 57 58 67 69 
57 69 57 58 59 68 79 
58 46 36 47 56 57 58 
58 47 46 48 57 58 59 
58 48 36 47 58 59 60 
58 57 46 47 58 68 69 
58 59 47 48 58 69 70 
58 68 56 57 58 69 80 
58 69 57 58 59 68 70 
58 70 58 59 60 69 80 
59 47 37 48 57 58 59 
59 48 47 49 58 59 60 
59 49 37 48 59 60 61 
59 58 47 48 59 69 70 
59 60 48 49 59 70 71 
59 69 57 58 59 70 81 
59 70 58 59 60 69 71 
59 71 59 60 61 70 81 
60 48 38 49 58 59 60 
60 49 48 50 59 60 61 
60 50 38 49 60 61 62 
60 59 48 49 60 70 71 
60 61 49 50 60 71 
60 70 58 59 60 71 82 
60 71 59 60 61 70 
61 49 39 50 59 60 61 
61 50 49 51 60 61 62 
61 51 39 50 61 62 63 
61 60 49 50 61 71 
61 62 50 51 61 73 
61 71 59 60 61 83 
61 73 61 62 63 83 
62 50 40 51 60 61 62 
62 51 50 52 61 62 63 
62 52 40 51 62 63 64 
62 61 50 51 62 73 
62 63 51 52 62 73 74 
62 73 61 62 63 74 
62 74 62 63 64 73 84 
63 51 41 52 61 62 63 
63 52 51 53 62 63 64 
63 53 41 52 63 64 65 
63 62 51 52 63 73 74 
63 64 52 53 63 74 75 
63 73 61 62 63 74 85 
63 74 62 63 64 73 75 
63 75 63 64 65 74 85 
64 52 42 53 62 63 64 
64 53 52 54 63 64 65 
64 54 42 53 64 65 
64 63 52 53 64 74 75 
64 65 53 54 64 75 76 
64 74 62 63 64 75 86 
64 75 63 64 65 74 76 
64 76 64 65 75 86 
65 53 43 54 63 64 65 
65 54 53 55 64 65 
65 55 43 54 65 
65 64 53 54 65 75 76 
65 75 63 64 65 76 87 
65 76 64 65 75 77 
65 77 65 76 87 
66 54 44 55 64 65 
66 55 54 65 
66 65 54 55 76 77 
66 76 64 65 77 88 
66 77 65 76 
67 56 57 67 68 
67 57 56 67 68 69 
67 68 56 57 67 78 79 
67 78 67 68 79 
67 79 67 68 69 78 89 
68 56 46 57 67 68 
68 57 56 58 67 68 69 
68 58 46 57 68 69 70 
68 67 56 57 68 78 79 
68 69 57 58 68 79 80 
68 78 67 68 79 90 
68 79 67 68 69 78 80 
68 80 68 69 70 79 90 
69 57 47 58 67 68 69 
69 58 57 59 68 69 70 
69 59 47 58 69 70 71 
69 68 57 58 69 79 80 
69 70 58 59 69 80 81 
69 79 67 68 69 80 91 
69 80 68 69 70 79 81 
69 81 69 70 71 80 91 
70 58 48 59 68 69 70 
70 59 58 60 69 70 71 
70 60 48 59 70 71 
70 69 58 59 70 80 81 
70 71 59 60 70 81 82 
70 80 68 69 70 81 92 
70 81 69 70 71 80 82 
70 82 70 71 81 92 
71 59 49 60 69 70 71 
71 60 59 61 70 71 
71 61 49 60 71 73 
71 70 59 60 71 81 82 
71 81 69 70 71 82 93 
71 82 70 71 81 83 
71 83 71 72 73 82 93 
73 61 51 62 71 73 
73 62 61 63 73 74 
73 63 51 62 73 74 75 
73 74 62 63 73 84 85 
73 83 71 72 73 84 95 
73 84 73 74 83 85 
73 85 73 74 75 84 95 
74 62 52 63 73 74 
74 63 62 64 73 74 75 
74 64 52 63 74 75 76 
74 73 62 63 74 84 85 
74 75 63 64 74 85 86 
74 84 73 74 85 96 
74 85 73 74 75 84 86 
74 86 74 75 76 85 96 
75 63 53 64 73 74 75 
75 64 63 65 74 75 76 
75 65 53 64 75 76 77 
75 74 63 64 75 85 86 
75 76 64 65 75 86 87 
75 85 73 74 75 86 97 
75 86 74 75 76 85 87 
75 87 75 76 77 86 97 
76 64 54 65 74 75 76 
76 65 64 75 76 77 
76 75 64 65 76 86 87 
76 77 65 76 87 88 
76 86 74 75 76 87 98 
76 87 75 76 77 86 88 
76 88 76 77 87 98 
77 65 55 75 76 77 
77 76 65 77 87 88 
77 87 75 76 77 88 99 
77 88 76 77 87 
78 67 68 78 79 
78 68 56 67 78 79 80 
78 79 67 68 78 89 90 
78 89 78 79 90 
78 90 78 79 80 89 100 
79 67 57 68 78 79 
79 68 67 69 78 79 80 
79 69 57 68 79 80 81 
79 78 67 68 79 89 90 
79 80 68 69 79 90 91 
79 89 78 79 90 101 
79 90 78 79 80 89 91 
79 91 79 80 81 90 101 
80 68 58 69 78 79 80 
80 69 68 70 79 80 81 
80 70 58 69 80 81 82 
80 79 68 69 80 90 91 
80 81 69 70 80 91 92 
80 90 78 79 80 91 102 
80 91 79 80 81 90 92 
80 92 80 81 82 91 102 
81 69 59 70 79 80 81 
81 70 69 71 80 81 82 
81 71 59 70 81 82 83 
81 80 69 70 81 91 92 
81 82 70 71 81 92 93 
81 91 79 80 81 92 103 
81 92 80 81 82 91 93 
81 93 81 82 83 92 103 
82 70 60 71 80 81 82 
82 71 70 81 82 83 
82 81 70 71 82 92 93 
82 83 71 72 82 93 94 
82 92 80 81 82 93 104 
82 93 81 82 83 92 94 
82 94 82 83 84 93 104 
83 71 61 81 82 83 
83 72 
83 73 61 83 84 85 
83 82 71 83 93 94 
83 84 73 83 94 95 
83 93 81 82 83 94 105 
83 94 82 83 84 93 95 
83 95 83 84 85 94 105 
84 73 74 83 84 85 
84 74 62 73 84 85 86 
84 83 72 73 84 94 95 
84 85 73 74 84 95 96 
84 94 82 83 84 95 106 
84 95 83 84 85 94 96 
84 96 84 85 86 95 106 
85 73 63 74 83 84 85 
85 74 73 75 84 85 86 
85 75 63 74 85 86 87 
85 84 73 74 85 95 96 
85 86 74 75 85 96 97 
85 95 83 84 85 96 107 
85 96 84 85 86 95 97 
85 97 85 86 87 96 107 
86 74 64 75 84 85 86 
86 75 74 76 85 86 87 
86 76 64 75 86 87 88 
86 85 74 75 86 96 97 
86 87 75 76 86 97 98 
86 96 84 85 86 97 108 
86 97 85 86 87 96 98 
86 98 86 87 88 97 108 
87 75 65 76 85 86 87 
87 76 75 77 86 87 88 
87 77 65 76 87 88 
87 86 75 76 87 97 98 
87 88 76 77 87 98 99 
87 97 85 86 87 98 109 
87 98 86 87 88 97 99 
87 99 87 88 98 109 
88 76 77 86 87 88 
88 77 76 87 88 
88 87 76 77 88 98 99 
88 98 86 87 88 99 110 
88 99 87 88 98 
89 78 79 89 90 
89 79 67 78 89 90 91 
89 90 78 79 89 100 101 
89 100 89 90 101 
89 101 89 90 91 100 111 
90 78 68 79 89 90 
90 79 78 80 89 90 91 
90 80 68 79 90 91 92 
90 89 78 79 90 100 101 
90 91 79 80 90 101 102 
90 100 89 90 101 112 
90 101 89 90 91 100 102 
90 102 90 91 92 101 112 
91 79 69 80 89 90 91 
91 80 79 81 90 91 92 
91 81 69 80 91 92 93 
91 90 79 80 91 101 102 
91 92 80 81 91 102 103 
91 101 89 90 91 102 113 
91 102 90 91 92 101 103 
91 103 91 92 93 102 113 
92 80 70 81 90 91 92 
92 81 80 82 91 92 93 
92 82 70 81 92 93 94 
92 91 80 81 92 102 103 
92 93 81 82 92 103 104 
92 102 90 91 92 103 114 
92 103 91 92 93 102 104 
92 104 92 93 94 103 114 
93 81 71 82 91 92 93 
93 82 81 83 92 93 94 
93 83 71 82 93 94 95 
93 92 81 82 93 103 104 
93 94 82 83 93 104 105 
93 103 91 92 93 104 115 
93 104 92 93 94 103 105 
93 105 93 94 95 104 115 
94 82 83 92 93 94 
94 83 82 84 93 94 95 
94 84 83 94 95 96 
94 93 82 83 94 104 105 
94 95 83 84 94 105 106 
94 104 92 93 94 105 116 
94 105 93 94 95 104 106 
94 106 94 95 96 105 116 
95 83 73 84 93 94 95 
95 84 83 85 94 95 96 
95 85 73 84 95 96 97 
95 94 83 84 95 105 106 
95 96 84 85 95 106 107 
95 105 93 94 95 106 117 
95 106 94 95 96 105 107 
95 107 95 96 97 106 117 
96 84 74 85 94 95 96 
96 85 84 86 95 96 97 
96 86 74 85 96 97 98 
96 95 84 85 96 106 107 
96 97 85 86 96 107 108 
96 106 94 95 96 107 118 
96 107 95 96 97 106 108 
96 108 96 97 98 107 118 
97 85 75 86 95 96 97 
97 86 85 87 96 97 98 
97 87 75 86 97 98 99 
97 96 85 86 97 107 108 
97 98 86 87 97 108 109 
97 107 95 96 97 108 119 
97 108 96 97 98 107 109 
97 109 97 98 99 108 119 
98 86 76 87 96 97 98 
98 87 86 88 97 98 99 
98 88 76 87 98 99 
98 97 86 87 98 108 109 
98 99 87 88 98 109 110 
98 108 96 97 98 109 120 
98 109 97 98 99 108 110 
98 110 98 99 109 120 
99 87 77 88 97 98 99 
99 88 87 98 99 
99 98 87 88 99 109 110 
99 109 97 98 99 110 121 
99 110 98 99 109 
100 89 90 100 101 
100 90 78 89 100 101 102 
100 101 89 90 100 111 112 
100 111 100 101 112 
100 112 100 101 102 111 122 
101 89 79 90 100 101 
101 90 89 91 100 101 102 
101 91 79 90 101 102 103 
101 100 89 90 101 111 112 
101 102 90 91 101 112 113 
101 111 100 101 112 123 
101 112 100 101 102 111 113 
101 113 101 102 103 112 123 
102 90 80 91 100 101 102 
102 91 90 92 101 102 103 
102 92 80 91 102 103 104 
102 101 90 91 102 112 113 
102 103 91 92 102 113 114 
102 112 100 101 102 113 124 
102 113 101 102 103 112 114 
102 114 102 103 104 113 124 
103 91 81 92 101 102 103 
103 92 91 93 102 103 104 
103 93 81 92 103 104 105 
103 102 91 92 103 113 114 
103 104 92 93 103 114 115 
103 113 101 102 103 114 125 
103 114 102 103 104 113 115 
103 115 103 104 105 114 125 
104 92 82 93 102 103 104 
104 93 92 94 103 104 105 
104 94 82 93 104 105 106 
104 103 92 93 104 114 115 
104 105 93 94 104 115 116 
104 114 102 103 104 115 126 
104 115 103 104 105 114 116 
104 116 104 105 106 115 126 
105 93 83 94 103 104 105 
105 94 93 95 104 105 106 
105 95 83 94 105 106 107 
105 104 93 94 105 115 116 
105 106 94 95 105 116 117 
105 115 103 104 105 116 127 
105 116 104 105 106 115 117 
105 117 105 106 107 116 127 
106 94 84 95 104 105 106 
106 95 94 96 105 106 107 
106 96 84 95 106 107 108 
106 105 94 95 106 116 117 
106 107 95 96 106 117 118 
106 116 104 105 106 117 128 
106 117 105 106 107 116 118 
106 118 106 107 108 117 128 
107 95 85 96 105 106 107 
107 96 95 97 106 107 108 
107 97 85 96 107 108 109 
107 106 95 96 107 117 118 
107 108 96 97 107 118 119 
107 117 105 106 107 118 129 
107 118 106 107 108 117 119 
107 119 107 108 109 118 129 
108 96 86 97 106 107 108 
108 97 96 98 107 108 109 
108 98 86 97 108 109 110 
108 107 96 97 108 118 119 
108 109 97 98 108 119 120 
108 118 106 107 108 119 130 
108 119 107 108 109 118 120 
108 120 108 109 110 119 130 
109 97 87 98 107 108 109 
109 98 97 99 108 109 110 
109 99 87 98 109 110 
109 108 97 98 109 119 120 
109 110 98 99 109 120 121 
109 119 107 108 109 120 131 
109 120 108 109 110 119 121 
109 121 109 110 120 131 
110 98 88 99 108 109 110 
110 99 98 109 110 
110 109 98 99 110 120 121 
110 120 108 109 110 121 132 
110 121 109 110 120 
111 100 101 111 112 
111 101 89 100 111 112 113 
111 112 100 101 111 122 123 
111 122 111 112 123 
111 123 111 112 113 122 133 
112 100 90 101 111 112 
112 101 100 102 111 112 113 
112 102 90 101 112 113 114 
112 111 100 101 112 122 123 
112 113 101 102 112 123 124 
112 122 111 112 123 134 
112 123 111 112 113 122 124 
112 124 112 113 114 123 134 
113 101 91 102 111 112 113 
113 102 101 103 112 113 114 
113 103 91 102 113 114 115 
113 112 101 102 113 123 124 
113 114 102 103 113 124 125 
113 123 111 112 113 124 135 
113 124 112 113 114 123 125 
113 125 113 114 115 124 135 
114 102 92 103 112 113 114 
114 103 102 104 113 114 115 
114 104 92 103 114 115 116 
114 113 102 103 114 124 125 
114 115 103 104 114 125 126 
114 124 112 113 114 125 136 
114 125 113 114 115 124 126 
114 126 114 115 116 125 136 
115 103 93 104 113 114 115 
115 104 103 105 114 115 116 
115 105 93 104 115 116 117 
115 114 103 104 115 125 126 
115 116 104 105 115 126 127 
115 125 113 114 115 126 137 
115 126 114 115 116 125 127 
115 127 115 116 117 126 137 
116 104 94 105 114 115 116 
116 105 104 106 115 116 117 
116 106 94 105 116 117 118 
116 115 104 105 116 126 127 
116 117 105 106 116 127 128 
116 126 114 115 116 127 138 
116 127 115 116 117 126 128 
116 128 116 117 118 127 138 
117 105 95 106 115 116 117 
117 106 105 107 116 117 118 
117 107 95 106 117 118 119 
117 116 105 106 117 127 128 
117 118 106 107 117 128 129 
117 127 115 116 117 128 139 
117 128 116 117 118 127 129 
117 129 117 118 119 128 139 
118 106 96 107 116 117 118 
118 107 106 108 117 118 119 
118 108 96 107 118 119 120 
118 117 106 107 118 128 129 
118 119 107 108 118 129 130 
118 128 116 117 118 129 140 
118 129 117 118 119 128 130 
118 130 118 119 120 129 140 
119 107 97 108 117 118 119 
119 108 107 109 118 119 120 
119 109 97 108 119 120 121 
119 118 107 108 119 129 130 
119 120 108 109 119 130 131 
119 129 117 118 119 130 141 
119 130 118 119 120 129 131 
119 131 119 120 121 130 141 
120 108 98 109 118 119 120 
120 109 108 110 119 120 121 
120 110 98 109 120 121 
120 119 108 109 120 130 131 
120 121 109 110 120 131 132 
120 130 118 119 120 131 142 
120 131 119 120 121 130 132 
120 132 120 121 131 142 
121 109 99 110 119 120 121 
121 110 109 120 121 
121 120 109 110 121 131 132 
121 131 119 120 121 132 143 
121 132 120 121 131 
122 111 112 122 123 
122 112 100 111 122 123 124 
122 123 111 112 122 133 134 
122 133 122 123 134 
122 134 122 123 124 133 144 
123 111 101 112 122 123 
123 112 111 113 122 123 124 
123 113 101 112 123 124 125 
123 122 111 112 123 133 134 
123 124 112 113 123 134 135 
123 133 122 123 134 145 
123 134 122 123 124 133 135 
123 135 123 124 125 134 145 
124 112 102 113 122 123 124 
124 113 112 114 123 124 125 
124 114 102 113 124 125 126 
124 123 112 113 124 134 135 
124 125 113 114 124 135 136 
124 134 122 123 124 135 146 
124 135 123 124 125 134 136 
124 136 124 125 126 135 146 
125 113 103 114 123 124 125 
125 114 113 115 124 125 126 
125 115 103 114 125 126 127 
125 124 113 114 125 135 136 
125 126 114 115 125 136 137 
125 135 123 124 125 136 147 
125 136 124 125 126 135 137 
125 137 125 126 127 136 147 
126 114 104 115 124 125 126 
126 115 114 116 125 126 127 
126 116 104 115 126 127 128 
126 125 114 115 126 136 137 
126 127 115 116 126 137 138 
126 136 124 125 126 137 148 
126 137 125 126 127 136 138 
126 138 126 127 128 137 148 
127 115 105 116 125 126 127 
127 116 115 117 126 127 128 
127 117 105 116 127 128 129 
127 126 115 116 127 137 138 
127 128 116 117 127 138 139 
127 137 125 126 127 138 149 
127 138 126 127 128 137 139 
127 139 127 128 129 138 149 
128 116 106 117 126 127 128 
128 117 116 118 127 128 129 
128 118 106 117 128 129 130 
128 127 116 117 128 138 139 
128 129 117 118 128 139 140 
128 138 126 127 128 139 150 
128 139 127 128 129 138 140 
128 140 128 129 130 139 150 
129 117 107 118 127 128 129 
129 118 117 119 128 129 130 
129 119 107 118 129 130 131 
129 128 117 118 129 139 140 
129 130 118 119 129 140 141 
129 139 127 128 129 140 151 
129 140 128 129 130 139 141 
129 141 129 130 131 140 151 
130 118 108 119 128 129 130 
130 119 118 120 129 130 131 
130 120 108 119 130 131 132 
130 129 118 119 130 140 141 
130 131 119 120 130 141 142 
130 140 128 129 130 141 152 
130 141 129 130 131 140 142 
130 142 130 131 132 141 152 
131 119 109 120 129 130 131 
131 120 119 121 130 131 132 
131 121 109 120 131 132 
131 130 119 120 131 141 142 
131 132 120 121 131 142 143 
131 141 129 130 131 142 153 
131 142 130 131 132 141 143 
131 143 131 132 142 153 
132 120 110 121 130 131 132 
132 121 120 131 132 
132 131 120 121 132 142 143 
132 142 130 131 132 143 154 
132 143 131 132 142 
133 122 123 133 134 
133 123 111 122 133 134 135 
133 134 122 123 133 144 145 
133 144 133 134 145 
133 145 133 134 135 144 155 
134 122 112 123 133 134 
134 123 122 124 133 134 135 
134 124 112 123 134 135 136 
134 133 122 123 134 144 145 
134 135 123 124 134 145 146 
134 144 133 134 145 156 
134 145 133 134 135 144 146 
134 146 134 135 136 145 156 
135 123 113 124 133 134 135 
135 124 123 125 134 135 136 
135 125 113 124 135 136 137 
135 134 123 124 135 145 146 
135 136 124 125 135 146 147 
135 145 133 134 135 146 157 
135 146 134 135 136 145 147 
135 147 135 136 137 146 157 
136 124 114 125 134 135 136 
136 125 124 126 135 136 137 
136 126 114 125 136 137 138 
136 135 124 125 136 146 147 
136 137 125 126 136 147 148 
136 146 134 135 136 147 158 
136 147 135 136 137 146 148 
136 148 136 137 138 147 158 
137 125 115 126 135 136 137 
137 126 125 127 136 137 138 
137 127 115 126 137 138 139 
137 136 125 126 137 147 148 
137 138 126 127 137 148 149 
137 147 135 136 137 148 159 
137 148 136 137 138 147 149 
137 149 137 138 139 148 159 
138 126 116 127 136 137 138 
138 127 126 128 137 138 139 
138 128 116 127 138 139 140 
138 137 126 127 138 148 149 
138 139 127 128 138 149 150 
138 148 136 137 138 149 
138 149 137 138 139 148 150 
138 150 138 139 140 149 
139 127 117 128 137 138 139 
139 128 127 129 138 139 140 
139 129 117 128 139 140 141 
139 138 127 128 139 149 150 
139 140 128 129 139 150 151 
139 149 137 138 139 150 161 
139 150 138 139 140 149 151 
139 151 139 140 141 150 161 
140 128 118 129 138 139 140 
140 129 128 130 139 140 141 
140 130 118 129 140 141 142 
140 139 128 129 140 150 151 
140 141 129 130 140 151 152 
140 150 138 139 140 151 162 
140 151 139 140 141 150 152 
140 152 140 141 142 151 162 
141 129 119 130 139 140 141 
141 130 129 131 140 141 142 
141 131 119 130 141 142 143 
141 140 129 130 141 151 152 
141 142 130 131 141 152 153 
141 151 139 140 141 152 163 
141 152 140 141 142 151 153 
141 153 141 142 143 152 163 
142 130 120 131 140 141 142 
142 131 130 132 141 142 143 
142 132 120 131 142 143 
142 141 130 131 142 152 153 
142 143 131 132 142 153 154 
142 152 140 141 142 153 164 
142 153 141 142 143 152 154 
142 154 142 143 153 164 
143 131 121 132 141 142 143 
143 132 131 142 143 
143 142 131 132 143 153 154 
143 153 141 142 143 154 165 
143 154 142 143 153 
144 133 134 144 145 
144 134 122 133 144 145 146 
144 145 133 134 144 155 156 
144 155 144 145 156 
144 156 144 145 146 155 
145 133 123 134 144 145 
145 134 133 135 144 145 146 
145 135 123 134 145 146 147 
145 144 133 134 145 155 156 
145 146 134 135 145 156 157 
145 155 144 145 156 
145 156 144 145 146 155 157 
145 157 145 146 147 156 
146 134 124 135 144 145 146 
146 135 134 136 145 146 147 
146 136 124 135 146 147 148 
146 145 134 135 146 156 157 
146 147 135 136 146 157 158 
146 156 144 145 146 157 
146 157 145 146 147 156 158 
146 158 146 147 148 157 
147 135 125 136 145 146 147 
147 136 135 137 146 147 148 
147 137 125 136 147 148 149 
147 146 135 136 147 157 158 
147 148 136 137 147 158 159 
147 157 145 146 147 158 
147 158 146 147 148 157 159 
147 159 147 148 149 158 
148 136 126 137 146 147 148 
148 137 136 138 147 148 149 
148 138 126 137 148 149 150 
148 147 136 137 148 158 159 
148 149 137 138 148 159 
148 158 146 147 148 159 
148 159 147 148 149 158 
149 137 127 138 147 148 149 
149 138 137 139 148 149 150 
149 139 127 138 149 150 151 
149 148 137 138 149 159 
149 150 138 139 149 161 
149 159 147 148 149 
149 161 149 150 151 
150 138 128 139 148 149 150 
150 139 138 140 149 150 151 
150 140 128 139 150 151 152 
150 149 138 139 150 161 
150 151 139 140 150 161 162 
150 161 149 150 151 162 
150 162 150 151 152 161 
151 139 129 140 149 150 151 
151 140 139 141 150 151 152 
151 141 129 140 151 152 153 
151 150 139 140 151 161 162 
151 152 140 141 151 162 163 
151 161 149 150 151 162 
151 162 150 151 152 161 163 
151 163 151 152 153 162 
152 140 130 141 150 151 152 
152 141 140 142 151 152 153 
152 142 130 141 152 153 154 
152 151 140 141 152 162 163 
152 153 141 142 152 163 164 
152 162 150 151 152 163 
152 163 151 152 153 162 164 
152 164 152 153 154 163 
153 141 131 142 151 152 153 
153 142 141 143 152 153 154 
153 143 131 142 153 154 
153 152 141 142 153 163 164 
153 154 142 143 153 164 165 
153 163 151 152 153 164 
153 164 152 153 154 163 165 
153 165 153 154 164 
154 142 132 143 152 153 154 
154 143 142 153 154 
154 153 142 143 154 164 165 
154 164 152 153 154 165 
154 165 153 154 164 
155 144 145 155 156 
155 145 133 144 155 156 157 
155 156 144 145 155 
156 144 134 145 155 156 
156 145 144 146 155 156 157 
156 146 134 145 156 157 158 
156 155 144 145 156 
156 157 145 146 156 
157 145 135 146 155 156 157 
157 146 145 147 156 157 158 
157 147 135 146 157 158 159 
157 156 145 146 157 
157 158 146 147 157 
158 146 136 147 156 157 158 
158 147 146 148 157 158 159 
158 148 136 147 158 159 
158 157 146 147 158 
158 159 147 148 158 
159 147 137 148 157 158 159 
159 148 147 149 158 159 
159 149 137 148 159 161 
159 158 147 148 159 
160 148 138 149 158 159 
160 149 148 150 159 161 
160 150 138 149 161 162 
160 159 148 149 
160 161 149 150 
161 149 139 150 159 161 
161 150 149 151 161 162 
161 151 139 150 161 162 163 
161 162 150 151 161 
162 150 140 151 161 162 
162 151 150 152 161 162 163 
162 152 140 151 162 163 164 
162 161 150 151 162 
162 163 151 152 162 
163 151 141 152 161 162 163 
163 152 151 153 162 163 164 
163 153 141 152 163 164 165 
163 162 151 152 163 
163 164 152 153 163 
164 152 142 153 162 163 164 
164 153 152 154 163 164 165 
164 154 142 153 164 165 
164 163 152 153 164 
164 165 153 154 164 
165 153 143 154 163 164 165 
165 154 153 164 165 
165 164 153 154 165 

NBAD{LINKS}
1 2 3
1 12 3
1 13 5
2 1 3
2 3 3
2 12 4
2 13 5
2 14 5
3 2 3
3 4 3
3 13 5
3 14 5
3 15 5
4 3 3
4 5 3
4 14 5
4 15 5
4 16 5
5 4 3
5 6 3
5 15 5
5 16 5
5 17 5
6 5 3
6 7 3
6 16 5
6 17 5
6 18 5
7 6 3
7 8 3
7 17 5
7 18 5
7 19 4
8 7 3
8 18 5
8 19 4
8 20 4
9 8 2
9 10 2
9 19 4
9 20 4
9 21 4
10 11 3
10 20 4
10 21 4
10 22 4
11 10 3
11 21 4
11 22 3
12 1 3
12 2 4
12 13 5
12 23 3
12 24 5
13 1 3
13 2 5
13 3 4
13 12 5
13 14 5
13 23 4
13 24 5
13 25 5
14 2 4
14 3 5
14 4 4
14 13 5
14 15 5
14 24 5
14 25 5
14 26 5
15 3 4
15 4 5
15 5 4
15 14 5
15 16 5
15 25 5
15 26 5
15 27 5
16 4 4
16 5 5
16 6 4
16 15 5
16 17 5
16 26 5
16 27 5
16 28 5
17 5 4
17 6 5
17 7 4
17 16 5
17 18 5
17 27 5
17 28 5
17 29 5
18 6 4
18 7 5
18 8 4
18 17 5
18 19 5
18 28 5
18 29 5
18 30 5
19 7 4
19 8 4
19 18 5
19 20 4
19 29 5
19 30 5
19 31 5
20 8 3
20 10 3
20 19 4
20 21 4
20 30 5
20 31 5
20 32 5
21 10 4
21 11 3
21 20 4
21 22 5
21 31 5
21 32 5
21 33 4
22 10 4
22 11 3
22 21 5
22 32 5
22 33 3
23 12 3
23 13 5
23 24 5
23 34 3
23 35 4
24 12 4
24 13 5
24 14 5
24 23 5
24 25 5
24 34 4
24 35 5
24 36 5
25 13 5
25 14 5
25 15 5
25 24 5
25 26 5
25 35 5
25 36 5
25 37 5
26 14 5
26 15 5
26 16 5
26 25 5
26 27 5
26 36 5
26 37 5
26 38 5
27 15 5
27 16 5
27 17 5
27 26 5
27 28 5
27 37 5
27 38 5
27 39 5
28 16 5
28 17 5
28 18 5
28 27 5
28 29 5
28 38 5
28 39 5
28 40 5
29 17 5
29 18 5
29 19 5
29 28 5
29 30 5
29 39 5
29 40 5
29 41 5
30 18 5
30 19 5
30 20 5
30 29 5
30 31 5
30 40 5
30 41 5
30 42 5
31 19 4
31 20 5
31 21 4
31 30 5
31 32 5
31 41 5
31 42 5
31 43 5
32 20 5
32 21 5
32 22 4
32 31 5
32 33 5
32 42 5
32 43 5
32 44 4
33 21 5
33 22 3
33 32 5
33 43 5
33 44 3
34 23 3
34 24 5
34 35 4
34 46 4
35 23 4
35 24 5
35 25 5
35 34 4
35 36 5
35 46 4
35 47 5
36 24 5
36 25 5
36 26 5
36 35 5
36 37 5
36 46 5
36 47 5
36 48 5
37 25 5
37 26 5
37 27 5
37 36 5
37 38 5
37 47 5
37 48 5
37 49 5
38 26 5
38 27 5
38 28 5
38 37 5
38 39 5
38 48 5
38 49 5
38 50 5
39 27 5
39 28 5
39 29 5
39 38 5
39 40 5
39 49 5
39 50 5
39 51 5
40 28 5
40 29 5
40 30 5
40 39 5
40 41 5
40 50 5
40 51 5
40 52 5
41 29 5
41 30 5
41 31 5
41 40 5
41 42 5
41 51 5
41 52 5
41 53 5
42 30 5
42 31 5
42 32 5
42 41 5
42 43 5
42 52 5
42 53 5
42 54 5
43 31 5
43 32 5
43 33 4
43 42 5
43 44 5
43 53 5
43 54 5
43 55 4
44 32 5
44 33 3
44 43 5
44 54 4
44 55 3
45 34 2
45 35 4
45 46 4
45 56 2
45 57 4
46 34 3
46 35 4
46 36 5
46 47 5
46 56 3
46 57 4
46 58 5
47 35 4
47 36 5
47 37 5
47 46 5
47 48 5
47 57 4
47 58 5
47 59 5
48 36 5
48 37 5
48 38 5
48 47 5
48 49 5
48 58 5
48 59 5
48 60 5
49 37 5
49 38 5
49 39 5
49 48 5
49 50 5
49 59 5
49 60 5
49 61 5
50 38 5
50 39 5
50 40 5
50 49 5
50 51 5
50 60 4
50 61 5
50 62 4
51 39 5
51 40 5
51 41 5
51 50 5
51 52 5
51 61 5
51 62 5
51 63 5
52 40 5
52 41 5
52 42 5
52 51 5
52 53 5
52 62 5
52 63 5
52 64 5
53 41 5
53 42 5
53 43 5
53 52 5
53 54 5
53 63 5
53 64 5
53 65 5
54 42 5
54 43 5
54 44 4
54 53 5
54 55 4
54 64 5
54 65 4
55 43 5
55 44 3
55 54 4
55 65 4
56 46 4
56 57 4
56 67 3
56 68 5
57 46 4
57 47 5
57 56 4
57 58 5
57 67 4
57 68 5
57 69 5
58 46 5
58 47 5
58 48 5
58 57 5
58 59 5
58 68 5
58 69 5
58 70 5
59 47 5
59 48 5
59 49 5
59 58 5
59 60 5
59 69 5
59 70 5
59 71 5
60 48 5
60 49 5
60 50 5
60 59 5
60 61 4
60 70 5
60 71 4
61 49 5
61 50 5
61 51 5
61 60 4
61 62 4
61 71 4
61 73 4
62 50 5
62 51 5
62 52 5
62 61 4
62 63 5
62 73 4
62 74 5
63 51 5
63 52 5
63 53 5
63 62 5
63 64 5
63 73 5
63 74 5
63 75 5
64 52 5
64 53 5
64 54 4
64 63 5
64 65 5
64 74 5
64 75 5
64 76 4
65 53 5
65 54 4
65 55 3
65 64 5
65 75 5
65 76 4
65 77 3
66 54 4
66 55 2
66 65 4
66 76 4
66 77 2
67 56 3
67 57 4
67 68 5
67 78 3
67 79 5
68 56 4
68 57 5
68 58 5
68 67 5
68 69 5
68 78 4
68 79 5
68 80 5
69 57 5
69 58 5
69 59 5
69 68 5
69 70 5
69 79 5
69 80 5
69 81 5
70 58 5
70 59 5
70 60 4
70 69 5
70 71 5
70 80 5
70 81 5
70 82 4
71 59 5
71 60 4
71 61 4
71 70 5
71 81 5
71 82 4
71 83 5
73 61 4
73 62 4
73 63 5
73 74 5
73 83 5
73 84 4
73 85 5
74 62 4
74 63 5
74 64 5
74 73 5
74 75 5
74 84 4
74 85 5
74 86 5
75 63 5
75 64 5
75 65 5
75 74 5
75 76 5
75 85 5
75 86 5
75 87 5
76 64 5
76 65 4
76 75 5
76 77 4
76 86 5
76 87 5
76 88 4
77 65 4
77 76 4
77 87 5
77 88 3
78 67 3
78 68 5
78 79 5
78 89 3
78 90 5
79 67 4
79 68 5
79 69 5
79 78 5
79 80 5
79 89 4
79 90 5
79 91 5
80 68 5
80 69 5
80 70 5
80 79 5
80 81 5
80 90 5
80 91 5
80 92 5
81 69 5
81 70 5
81 71 5
81 80 5
81 82 5
81 91 5
81 92 5
81 93 5
82 70 5
82 71 4
82 81 5
82 83 5
82 92 5
82 93 5
82 94 5
83 71 4
83 72 0
83 73 4
83 82 4
83 84 4
83 93 5
83 94 5
83 95 5
84 73 4
84 74 5
84 83 5
84 85 5
84 94 5
84 95 5
84 96 5
85 73 5
85 74 5
85 75 5
85 84 5
85 86 5
85 95 5
85 96 5
85 97 5
86 74 5
86 75 5
86 76 5
86 85 5
86 87 5
86 96 5
86 97 5
86 98 5
87 75 5
87 76 5
87 77 4
87 86 5
87 88 5
87 97 5
87 98 5
87 99 4
88 76 4
88 77 3
88 87 5
88 98 5
88 99 3
89 78 3
89 79 5
89 90 5
89 100 3
89 101 5
90 78 4
90 79 5
90 80 5
90 89 5
90 91 5
90 100 4
90 101 5
90 102 5
91 79 5
91 80 5
91 81 5
91 90 5
91 92 5
91 101 5
91 102 5
91 103 5
92 80 5
92 81 5
92 82 5
92 91 5
92 93 5
92 102 5
92 103 5
92 104 5
93 81 5
93 82 5
93 83 5
93 92 5
93 94 5
93 103 5
93 104 5
93 105 5
94 82 4
94 83 5
94 84 4
94 93 5
94 95 5
94 104 5
94 105 5
94 106 5
95 83 5
95 84 5
95 85 5
95 94 5
95 96 5
95 105 5
95 106 5
95 107 5
96 84 5
96 85 5
96 86 5
96 95 5
96 97 5
96 106 5
96 107 5
96 108 5
97 85 5
97 86 5
97 87 5
97 96 5
97 98 5
97 107 5
97 108 5
97 109 5
98 86 5
98 87 5
98 88 4
98 97 5
98 99 5
98 108 5
98 109 5
98 110 4
99 87 5
99 88 3
99 98 5
99 109 5
99 110 3
100 89 3
100 90 5
100 101 5
100 111 3
100 112 5
101 89 4
101 90 5
101 91 5
101 100 5
101 102 5
101 111 4
101 112 5
101 113 5
102 90 5
102 91 5
102 92 5
102 101 5
102 103 5
102 112 5
102 113 5
102 114 5
103 91 5
103 92 5
103 93 5
103 102 5
103 104 5
103 113 5
103 114 5
103 115 5
104 92 5
104 93 5
104 94 5
104 103 5
104 105 5
104 114 5
104 115 5
104 116 5
105 93 5
105 94 5
105 95 5
105 104 5
105 106 5
105 115 5
105 116 5
105 117 5
106 94 5
106 95 5
106 96 5
106 105 5
106 107 5
106 116 5
106 117 5
106 118 5
107 95 5
107 96 5
107 97 5
107 106 5
107 108 5
107 117 5
107 118 5
107 119 5
108 96 5
108 97 5
108 98 5
108 107 5
108 109 5
108 118 5
108 119 5
108 120 5
109 97 5
109 98 5
109 99 4
109 108 5
109 110 5
109 119 5
109 120 5
109 121 4
110 98 5
110 99 3
110 109 5
110 120 5
110 121 3
111 100 3
111 101 5
111 112 5
111 122 3
111 123 5
112 100 4
112 101 5
112 102 5
112 111 5
112 113 5
112 122 4
112 123 5
112 124 5
113 101 5
113 102 5
113 103 5
113 112 5
113 114 5
113 123 5
113 124 5
113 125 5
114 102 5
114 103 5
114 104 5
114 113 5
114 115 5
114 124 5
114 125 5
114 126 5
115 103 5
115 104 5
115 105 5
115 114 5
115 116 5
115 125 5
115 126 5
115 127 5
116 104 5
116 105 5
116 106 5
116 115 5
116 117 5
116 126 5
116 127 5
116 128 5
117 105 5
117 106 5
117 107 5
117 116 5
117 118 5
117 127 5
117 128 5
117 129 5
118 106 5
118 107 5
118 108 5
118 117 5
118 119 5
118 128 5
118 129 5
118 130 5
119 107 5
119 108 5
119 109 5
119 118 5
119 120 5
119 129 5
119 130 5
119 131 5
120 108 5
120 109 5
120 110 4
120 119 5
120 121 5
120 130 5
120 131 5
120 132 4
121 109 5
121 110 3
121 120 5
121 131 5
121 132 3
122 111 3
122 112 5
122 123 5
122 133 3
122 134 5
123 111 4
123 112 5
123 113 5
123 122 5
123 124 5
123 133 4
123 134 5
123 135 5
124 112 5
124 113 5
124 114 5
124 123 5
124 125 5
124 134 5
124 135 5
124 136 5
125 113 5
125 114 5
125 115 5
125 124 5
125 126 5
125 135 5
125 136 5
125 137 5
126 114 5
126 115 5
126 116 5
126 125 5
126 127 5
126 136 5
126 137 5
126 138 5
127 115 5
127 116 5
127 117 5
127 126 5
127 128 5
127 137 5
127 138 5
127 139 5
128 116 5
128 117 5
128 118 5
128 127 5
128 129 5
128 138 5
128 139 5
128 140 5
129 117 5
129 118 5
129 119 5
129 128 5
129 130 5
129 139 5
129 140 5
129 141 5
130 118 5
130 119 5
130 120 5
130 129 5
130 131 5
130 140 5
130 141 5
130 142 5
131 119 5
131 120 5
131 121 4
131 130 5
131 132 5
131 141 5
131 142 5
131 143 4
132 120 5
132 121 3
132 131 5
132 142 5
132 143 3
133 122 3
133 123 5
133 134 5
133 144 3
133 145 5
134 122 4
134 123 5
134 124 5
134 133 5
134 135 5
134 144 4
134 145 5
134 146 5
135 123 5
135 124 5
135 125 5
135 134 5
135 136 5
135 145 5
135 146 5
135 147 5
136 124 5
136 125 5
136 126 5
136 135 5
136 137 5
136 146 5
136 147 5
136 148 5
137 125 5
137 126 5
137 127 5
137 136 5
137 138 5
137 147 5
137 148 5
137 149 5
138 126 5
138 127 5
138 128 5
138 137 5
138 139 5
138 148 4
138 149 5
138 150 4
139 127 5
139 128 5
139 129 5
139 138 5
139 140 5
139 149 5
139 150 5
139 151 5
140 128 5
140 129 5
140 130 5
140 139 5
140 141 5
140 150 5
140 151 5
140 152 5
141 129 5
141 130 5
141 131 5
141 140 5
141 142 5
141 151 5
141 152 5
141 153 5
142 130 5
142 131 5
142 132 4
142 141 5
142 143 5
142 152 5
142 153 5
142 154 4
143 131 5
143 132 3
143 142 5
143 153 5
143 154 3
144 133 3
144 134 5
144 145 5
144 155 3
144 156 4
145 133 4
145 134 5
145 135 5
145 144 5
145 146 5
145 155 3
145 156 5
145 157 4
146 134 5
146 135 5
146 136 5
146 145 5
146 147 5
146 156 4
146 157 5
146 158 4
147 135 5
147 136 5
147 137 5
147 146 5
147 148 5
147 157 4
147 158 5
147 159 4
148 136 5
148 137 5
148 138 5
148 147 5
148 149 4
148 158 4
148 159 4
149 137 5
149 138 5
149 139 5
149 148 4
149 150 4
149 159 3
149 161 3
150 138 5
150 139 5
150 140 5
150 149 4
150 151 5
150 161 4
150 162 4
151 139 5
151 140 5
151 141 5
151 150 5
151 152 5
151 161 4
151 162 5
151 163 4
152 140 5
152 141 5
152 142 5
152 151 5
152 153 5
152 162 4
152 163 5
152 164 4
153 141 5
153 142 5
153 143 4
153 152 5
153 154 5
153 163 4
153 164 5
153 165 3
154 142 5
154 143 3
154 153 5
154 164 4
154 165 3
155 144 3
155 145 5
155 156 3
156 144 4
156 145 5
156 146 5
156 155 3
156 157 3
157 145 5
157 146 5
157 147 5
157 156 3
157 158 3
158 146 5
158 147 5
158 148 4
158 157 3
158 159 3
159 147 5
159 148 4
159 149 4
159 158 3
160 148 4
160 149 4
160 150 4
160 159 2
160 161 2
161 149 4
161 150 4
161 151 5
161 162 3
162 150 4
162 151 5
162 152 5
162 161 3
162 163 3
163 151 5
163 152 5
163 153 5
163 162 3
163 164 3
164 152 5
164 153 5
164 154 4
164 163 3
164 165 3
165 153 5
165 154 3
165 164 3

